time = 84.606445
time = 84.509155
time = 85.184448
time = 85.209106
