time = 1.209717
time = 1.183472
time = 1.275513
time = 1.214111
