time = 0.145630
time = 0.150024
time = 0.147644
time = 0.132324
