time = 4.026001
time = 4.076538
time = 4.116699
time = 3.812073
