time = 0.515808
time = 0.601624
time = 0.743958
time = 0.472290
