time = 19.558105
time = 24.318115
time = 21.070068
time = 22.056396
