time = 1.136353
time = 1.215454
time = 1.245239
time = 1.201416
