time = 0.102539
time = 0.129272
time = 0.131714
time = 0.139404
