time = 6.667549
time = 5.569838
time = 4.484461
time = 5.635610
