time = 20.446793
time = 11.319238
time = 15.103552
time = 34.350136
