time = 394.029724
time = 232.997387
time = 88.174835
time = 207.428782
