time = 3.070142
time = 1.841008
time = 0.676445
time = 1.886585
