time = 0.596646
time = 0.499896
time = 0.447462
time = 0.450020
