time = 79.459575
time = 66.379339
time = 57.338043
time = 62.088899
